0,445
0,444
0,443
0,442
0,441
0,440
30,81
30,80
30,2
0,439
32,7
24,4
34,4
33,1
33,3
25,5
34,3
32,6
32,5
26,6
26,8
26,5
26,4
0,438
30,0
30,4
31,4
31,1
31,3
0,437
32,1
32,3
30,78
30,77
30,76
30,75
30,74
30,73
30,79
42,35
10,125
10,145
10,247
10,179
10,35
10,243
10,169
10,237
11,23
11,21
11,8
11,11
11,6
11,2
11,3
8,7
12,2
12,1
12,3
38,3
38,2
20,2
38,0
37,5
37,4
37,3
20,1
37,2
37,1
20,3
37,0
36,5
36,4
36,3
36,2
36,1
36,0
35,5
35,4
35,3
35,2
35,1
19,2
35,0
19,1
34,1
19,3
34,5
30,72
30,71
30,70
30,69
30,68
30,67
30,66
30,65
30,64
30,36
30,35
30,34
30,33
30,32
30,31
30,30
30,29
30,28
30,27
30,26
